0.851883	-1.49555
0.847734	-1.51177
0.843585	-1.5152
0.839436	-1.51967
0.835287	-1.56877
0.831136	-1.61721
0.826985	-1.62146
0.822835	-1.6271
0.818684	-1.69622
0.814533	-1.76448
0.810383	-1.76996
0.806232	-1.77675
0.802081	-1.85108
0.797928	-1.92443
0.793774	-1.93087
0.789621	-1.93591
0.785468	-1.92735
0.781298	-1.91818
0.777128	-1.92028
0.772959	-1.92408
0.768789	-1.9759
0.76462	-2.0271
0.76045	-2.03113
0.75628	-2.03675
0.752111	-2.1069
0.747941	-2.17592
0.743771	-2.1812
0.739602	-2.18693
0.735432	-2.22599
0.731255	-2.26432
0.727079	-2.26893
0.722902	-2.27268
0.718726	-2.27238
0.714539	-2.27179
0.710353	-2.27399
0.706166	-2.2779
0.701979	-2.32826
0.697793	-2.3778
0.693606	-2.38175
0.689419	-2.38769
0.685232	-2.45818
0.681046	-2.52713
0.676859	-2.53241
0.672672	-2.53689
0.668486	-2.5403
0.664289	-2.54354
0.660092	-2.54645
0.655895	-2.5493
0.651699	-2.56229
0.647497	-2.57542
0.643295	-2.57823
0.639093	-2.58245
0.634891	-2.63468
0.630689	-2.68625
0.626487	-2.6908
0.622285	-2.69712
0.618083	-2.77062
0.613881	-2.84302
0.60968	-2.84924
0.605478	-2.85401
0.601276	-2.85054
0.597064	-2.84699
0.592852	-2.84996
0.58864	-2.85441
0.584428	-2.90881
0.580215	-2.96316
0.576002	-2.96864
0.571789	-2.97341
0.567576	-2.99533
0.563358	-3.01734
0.559139	-3.02167
0.55492	-3.0264
0.550702	-3.07222
0.546481	-3.11838
0.54226	-3.12402
0.538039	-3.12923
0.533818	-3.16704
0.529593	-3.20517
0.525368	-3.21071
0.521143	-3.21577
0.516918	-3.24841
0.512689	-3.28137
0.50846	-3.28668
0.50423	-3.29188
0.500001	-3.34794
0.49577	-3.40528
0.491539	-3.4124
0.487308	-3.41769
0.483077	-3.43221
0.478839	-3.44673
0.474602	-3.45097
0.470365	-3.45535
0.466128	-3.5258
0.461891	-3.59912
0.457654	-3.60801
0.453417	-3.61287
0.449179	-3.59137
0.444934	-3.56958
0.440689	-3.57192
0.436444	-3.5752
0.432199	-3.63769
0.427954	-3.70339
0.423709	-3.71176
0.419464	-3.71716
0.415219	-3.79251
0.410974	-3.87218
0.406728	-3.8827
0.402483	-3.88928
0.398237	-3.90529
0.393987	-3.92136
0.389737	-3.92639
0.385486	-3.93057
0.381236	-4.01413
0.376986	-4.10341
0.372735	-4.11548
0.368485	-4.12221
0.364235	-4.22354
0.359984	-4.33176
0.355733	-4.34643
0.351483	-4.3545
0.347232	-4.4422
0.342979	-4.53608
0.338726	-4.55049
0.334473	-4.55866
0.33022	-4.70662
0.325966	-4.86474
0.321713	-4.88511
0.31746	-4.89606
0.313207	-4.97513
0.30895	-5.05979
0.304692	-5.07502
0.300434	-5.08445
0.296177	-5.26548
0.291919	-5.45842
0.287661	-5.48288
0.283403	-5.4963
0.279145	-5.57586
0.274882	-5.66093
0.270619	-5.67791
0.266356	-5.68948
0.262093	-5.87276
0.257829	-6.0676
0.253564	-6.09394
0.2493	-6.10965
0.245035	-6.22657
0.240768	-6.35114
0.2365	-6.3739
0.232233	-6.38972
0.227965	-6.56257
0.223696	-6.74579
0.219427	-6.77442
0.215158	-6.79471
0.210889	-7.11205
0.20662	-7.44552
0.20235	-7.48793
0.198081	-7.51561
0.193812	-7.61849
0.189545	-7.72756
0.185279	-7.75801
0.181012	-7.78026
0.176746	-7.75586
0.172492	-7.73217
0.168238	-7.75201
0.163984	-7.76525
0.15973	-7.39755
0.155511	-7.02669
0.151293	-7.02719
0.147074	-7.02727
0.142856	-6.67563
0.13868	-6.32241
0.134505	-6.3168
0.130329	-6.31169
0.126154	-6.06126
0.122017	-5.81143
0.11788	-5.80669
0.113743	-5.80382
0.109606	-5.70726
0.105498	-5.61248
0.10139	-5.61443
0.0972819	-5.61358
0.093174	-5.35988
0.0891209	-5.10492
0.0850678	-5.10009
0.0810147	-5.09459
0.0769616	-4.66551
0.0729901	-4.23175
0.0690186	-4.21582
0.065047	-4.20405
0.0610755	-3.98418
0.0571569	-3.76427
0.0532382	-3.75629
0.0493196	-3.75766
0.0454009	-3.8244
0.0415113	-3.89183
0.0376216	-3.90415
0.033732	-3.9173
0.0298424	-3.5688
0.0261315	-3.20763
0.0224207	-3.21213
0.0187099	-3.2427
0.0149991	-1.98061
0.0130264	-1.14888
0.0110538	-1.11128
0.00908109	-1.11262
0.00710841	-0.119859
0.00633037	0.432022
0.00555232	0.506412
0.00477427	0.540173
0.00399622	0.754992
0.00365673	0.875534
0.00331724	0.892871
0.00297776	0.874552
0.00263827	0.745243
0.00246852	0.639121
0.00229878	0.487743
0.00212904	0.268152
0.00195929	0.891868
0.00186768	1.75272
0.00177607	1.99335
0.00168446	2.16098
0.00159285	2.31097
0.00150124	2.43843
0.00140963	2.53727
0.00131802	2.62594
0.00122641	2.71349
0.0011348	2.79026
0.00104319	2.84672
0.00095158	2.89467
0.000859969	2.93564
0.000768359	2.96388
0.000676749	2.96561
0.000585139	2.95558
0.000493529	3.23474
0.000449166	3.58922
0.000404803	3.70783
0.000360441	3.80112
0.000316078	4.00711
0.000296323	4.22549
0.000276568	4.33436
0.000256813	4.42631
0.000237059	4.52111
0.000217304	4.60537
0.000197549	4.66857
0.000177794	4.72944
0.000158039	4.79819
0.000138284	4.8608
0.000118529	4.9071
9.87744e-05	4.95249
7.90195e-05	5.00494
5.92647e-05	5.05142
3.95098e-05	5.08118
1.97549e-05	5.11268
0	5.22125
2.23556e-05	5.34182
4.47111e-05	5.39455
6.70667e-05	5.43752
8.94223e-05	5.48246
0.000111778	5.52142
0.000134133	5.54816
0.000156489	5.57344
0.000178845	5.60259
0.0002012	5.62802
0.000223556	5.64459
0.000245911	5.6601
0.000268267	5.67805
0.000290622	5.69352
0.000312978	5.70263
0.000335334	5.71094
0.000357689	5.72393
0.00040889	5.73518
0.00046009	5.7386
0.000511291	5.74078
0.000562491	5.74346
0.000651673	5.74546
0.000740855	5.7453
0.000830036	5.74397
0.000919218	5.73917
0.000919218	5.73917
0.0010084	5.73385
0.00109758	5.731
0.00118676	5.72851
0.00127595	5.72472
0.00136513	5.72046
0.00145431	5.71634
0.00154349	5.71074
0.00163267	5.69892
0.00172185	5.68333
0.00181104	5.66656
0.00190022	5.64123
0.0019894	5.55312
0.0021236	5.48354
0.00225779	5.47327
0.00239199	5.46804
0.00252618	5.46366
0.00279457	5.45619
0.00306297	5.4455
0.00333136	5.43292
0.00359975	5.42256
0.00414681	5.4057
0.00469386	5.37799
0.00524092	5.32877
0.00578798	5.06884
0.00733116	4.59771
0.00887434	4.57282
0.0104175	4.52721
0.0119607	3.87697
0.0157719	2.69822
0.019583	2.70524
0.0233942	2.6926
0.0272054	1.6119
0.0313477	0.54805
0.03549	0.56874
0.0396324	0.591129
0.0437747	0.590053
0.047942	0.588327
0.0521092	0.597395
0.0562764	0.611344
0.0604437	0.734164
0.0646051	0.851308
0.0687666	0.852676
0.072928	0.850622
0.0770895	0.733355
0.0812683	0.613277
0.0854471	0.609914
0.0896258	0.611725
0.0938046	0.614881
0.0979868	0.617746
0.102169	0.618219
0.106351	0.617278
0.110533	0.559065
0.114723	0.499533
0.118912	0.497674
0.123101	0.49746
0.12729	0.433083
0.131487	0.367568
0.135684	0.368416
0.13988	0.374092
0.144077	0.421644
0.148274	0.467983
0.152471	0.47062
0.156667	0.470883
0.160864	0.424001
0.165065	0.376604
0.169266	0.378168
0.173467	0.383774
0.177668	0.43146
0.181868	0.478155
0.186069	0.481705
0.19027	0.484549
0.194471	0.507919
0.198671	0.531238
0.202872	0.533205
0.207073	0.534424
0.211274	0.543473
0.215475	0.552487
0.219675	0.553083
0.223876	0.553183
0.228077	0.552983
0.232278	0.552696
0.236479	0.551992
0.240679	0.550345
0.24488	0.520514
0.249082	0.490639
0.253284	0.48939
0.257486	0.488547
0.261688	0.4586
0.265891	0.428761
0.270094	0.42953
0.274297	0.432263
0.2785	0.457748
0.282703	0.483224
0.286906	0.485342
0.29111	0.486683
0.295313	0.498207
0.299516	0.50976
0.303719	0.51064
0.307922	0.511057
0.312125	0.514522
0.316328	0.518003
0.320532	0.518078
0.324735	0.517824
0.328938	0.515584
0.333141	0.513303
0.337344	0.512542
0.341547	0.511067
0.345751	0.475981
0.349954	0.440723
0.354158	0.440355
0.358362	0.441526
0.362566	0.446008
0.36677	0.450564
0.370974	0.451737
0.375178	0.452943
0.379382	0.464298
0.383586	0.475592
0.38779	0.475953
0.391995	0.475263
0.396199	0.453779
0.400403	0.432508
0.404607	0.433003
0.408812	0.434517
0.413016	0.444379
0.417221	0.454307
0.421425	0.455689
0.42563	0.456906
0.429834	0.468444
0.434038	0.479902
0.438243	0.480316
0.442447	0.479743
0.446652	0.44733
0.450856	0.414813
0.455061	0.415767
0.459266	0.418607
0.46347	0.438835
0.467675	0.459115
0.471879	0.461745
0.476083	0.464223
0.480288	0.487532
0.484492	0.510839
0.488697	0.51271
0.492901	0.514029
0.497106	0.526642
0.50131	0.539193
0.505515	0.539884
0.509719	0.539907
0.513924	0.529507
0.518128	0.519155
0.522333	0.519574
0.526537	0.520085
0.530741	0.504236
0.534945	0.488757
0.539149	0.491337
0.543352	0.495579
0.547556	0.534534
0.55176	0.572992
0.555964	0.575906
0.560167	0.578448
0.564371	0.602086
0.568575	0.625684
0.572779	0.627695
0.576982	0.629284
0.581186	0.644403
0.58539	0.659426
0.589594	0.660185
0.593797	0.660026
0.598001	0.637521
0.602204	0.615391
0.606407	0.617481
0.610609	0.621237
0.614812	0.655199
0.619015	0.689095
0.623217	0.69238
0.62742	0.69536
0.631622	0.724051
0.635825	0.752592
0.640027	0.754478
0.64423	0.755323
0.648433	0.742653
0.652634	0.730418
0.656835	0.73354
0.661036	0.738103
0.665237	0.7834
0.669438	0.828856
0.673639	0.833158
0.677839	0.836923
0.68204	0.874967
0.686241	0.913074
0.690442	0.916112
0.694643	0.918278
0.698844	0.923792
0.703043	0.929755
0.707242	0.933978
0.711441	0.939123
0.715641	0.994387
0.71984	1.05022
0.724039	1.0559
0.728238	1.06098
0.732437	1.12361
0.736637	1.18671
0.740837	1.19155
0.745037	1.19536
0.749237	1.23888
0.753437	1.28301
0.757637	1.28796
0.761838	1.29269
0.766038	1.36399
0.77024	1.43587
0.774442	1.44028
0.778644	1.44345
0.782846	1.49859
0.787049	1.5542
0.791253	1.5572
0.795456	1.55928
0.799659	1.5962
0.803863	1.63363
0.808068	1.637
0.812272	1.64033
0.816476	1.73061
0.82068	1.8211
0.824884	1.82104
0.829088	1.81769
0.833292	1.78295
0.837496	1.74898
0.8417	1.75033
0.845905	1.75417
0.850109	1.86871
0.854307	1.98338
0.858505	1.98263
0.862703	1.97854
0.866902	1.96214
0.871095	1.94456
0.875287	1.93925
0.87948	1.93525
0.883673	1.92337
0.887859	1.91039
0.892046	1.90529
0.896232	1.90124
0.900418	1.88922
0.904596	1.87607
0.908774	1.87084
0.912952	1.86683
0.917131	1.8646
0.921296	1.86078
0.925461	1.85343
0.929627	1.84551
0.933792	1.78736
0.937951	1.72886
0.942109	1.72203
0.946268	1.71739
0.950426	1.71058
0.954568	1.70185
0.95871	1.69313
0.962852	1.68376
0.966994	1.60389
0.971129	1.52328
0.975263	1.51532
0.979397	1.50911
0.983532	1.45673
0.987649	1.40272
0.991766	1.39636
0.995883	1.39863
0.851883	-1.49555
0.85602	-1.47878
0.860156	-1.47354
0.864293	-1.46803
0.86843	-1.41259
0.872561	-1.3561
0.876692	-1.34974
0.880823	-1.34458
0.884954	-1.29485
0.889077	-1.24395
0.893201	-1.23744
0.897324	-1.23204
0.901448	-1.18138
0.905563	-1.12931
0.909677	-1.12208
0.913792	-1.11612
0.917907	-1.04101
0.922022	-0.964175
0.926136	-0.957285
0.930251	-0.952582
0.934366	-0.892859
0.93848	-0.831654
0.942595	-0.82602
0.94671	-0.821946
0.950825	-0.795791
0.954926	-0.768786
0.959027	-0.762573
0.963128	-0.75685
0.96723	-0.692852
0.971326	-0.626935
0.975422	-0.62045
0.979518	-0.616199
0.983615	-0.539938
0.987711	-0.46709
0.991807	-0.482891
0.995904	-0.507842
1	-1.31938

